13
8.000000 12460 1.000000 0 0.000000 1.000000
8.000000 12461 1.000000 0 0.000000 1.000000
8.000000 12462 1.000000 0 0.000000 1.000000
8.000000 12463 1.000000 0 0.000000 1.000000
8.000000 12464 1.000000 0 0.000000 1.000000
8.000000 12465 1.000000 0 0.000000 1.000000
8.000000 12466 1.000000 0 0.000000 1.000000
8.000000 12467 1.000000 0 0.000000 1.000000
8.000000 12468 0.125000 0 0.000000 1.000000
8.000000 12483 0.500000 0 0.000000 1.000000
8.000000 12608 0.500000 0 0.000000 1.000000
8.000000 12692 0.187500 0 0.000000 1.000000
8.000000 12693 0.312500 0 0.000000 1.000000
77.000000
12468 12608
12468 12692
12483 12608
12483 12692
12608 12692
