13
8.000000 15372 1.000000 0 0.000000 1.000000
8.000000 15373 1.000000 0 0.000000 1.000000
8.000000 15374 1.000000 0 0.000000 1.000000
8.000000 15375 1.000000 0 0.000000 1.000000
8.000000 15376 1.000000 0 0.000000 1.000000
8.000000 15377 1.000000 0 0.000000 1.000000
8.000000 15378 1.000000 0 0.000000 1.000000
8.000000 15379 1.000000 0 0.000000 1.000000
8.000000 15380 0.125000 0 0.000000 1.000000
8.000000 15395 0.500000 0 0.000000 1.000000
8.000000 15520 0.500000 0 0.000000 1.000000
8.000000 15604 0.187500 0 0.000000 1.000000
8.000000 15605 0.312500 0 0.000000 1.000000
77.000000
15380 15520
15380 15604
15395 15520
15395 15604
15520 15604
