19
40.000000 17598 1.000000 0 0.000000 1.000000
40.000000 17599 1.000000 0 0.000000 1.000000
40.000000 17600 1.000000 0 0.000000 1.000000
40.000000 17601 1.000000 0 0.000000 1.000000
40.000000 17602 1.000000 0 0.000000 1.000000
40.000000 17603 1.000000 0 0.000000 1.000000
40.000000 17604 1.000000 0 0.000000 1.000000
40.000000 17605 1.000000 0 0.000000 1.000000
40.000000 17803 0.275000 0 0.000000 1.000000
40.000000 17816 0.387500 0 0.000000 1.000000
40.000000 17817 0.112500 0 0.000000 1.000000
40.000000 18321 0.500000 0 0.000000 1.000000
40.000000 18586 0.387500 0 0.000000 1.000000
40.000000 18587 0.112500 0 0.000000 1.000000
40.000000 18600 0.225000 0 0.000000 1.000000
40.000000 19330 0.137500 0 0.000000 1.000000
40.000000 19331 0.137500 0 0.000000 1.000000
40.000000 20341 0.500000 0 0.000000 1.000000
40.000000 20354 0.500000 0 0.000000 1.000000
451.000000
17803 18586
17803 18600
17816 18321
17816 18586
17816 18587
17816 18600
17817 18586
17817 18600
18321 18586
18321 18600
18586 18600
