19
40.000000 20510 1.000000 0 0.000000 1.000000
40.000000 20511 1.000000 0 0.000000 1.000000
40.000000 20512 1.000000 0 0.000000 1.000000
40.000000 20513 1.000000 0 0.000000 1.000000
40.000000 20514 1.000000 0 0.000000 1.000000
40.000000 20515 1.000000 0 0.000000 1.000000
40.000000 20516 1.000000 0 0.000000 1.000000
40.000000 20517 1.000000 0 0.000000 1.000000
40.000000 20715 0.275000 0 0.000000 1.000000
40.000000 20728 0.387500 0 0.000000 1.000000
40.000000 20729 0.112500 0 0.000000 1.000000
40.000000 21233 0.500000 0 0.000000 1.000000
40.000000 21498 0.387500 0 0.000000 1.000000
40.000000 21499 0.112500 0 0.000000 1.000000
40.000000 21512 0.225000 0 0.000000 1.000000
40.000000 22242 0.137500 0 0.000000 1.000000
40.000000 22243 0.137500 0 0.000000 1.000000
40.000000 23253 0.500000 0 0.000000 1.000000
40.000000 23266 0.500000 0 0.000000 1.000000
451.000000
20715 21498
20715 21512
20728 21233
20728 21498
20728 21499
20728 21512
20729 21498
20729 21512
21233 21498
21233 21512
21498 21512
