12
4.000000 23338 0.125000 0 0.000000 1.000000
4.000000 23339 0.125000 0 0.000000 1.000000
4.000000 23436 0.875000 0 0.000000 1.000000
4.000000 23437 0.875000 0 0.000000 1.000000
4.000000 23438 1.000000 0 0.000000 1.000000
4.000000 23439 1.000000 0 0.000000 1.000000
4.000000 23440 1.000000 0 0.000000 1.000000
4.000000 23441 1.000000 0 0.000000 1.000000
4.000000 23442 1.000000 0 0.000000 1.000000
4.000000 23443 1.000000 0 0.000000 1.000000
4.000000 24074 0.125000 0 0.000000 1.000000
4.000000 24075 0.125000 0 0.000000 1.000000
33.000000
23338 23437
23339 23436
