21
8.000000 29156 0.125000 0 0.000000 1.000000
8.000000 29157 0.125000 0 0.000000 1.000000
8.000000 29274 1.000000 0 0.000000 1.000000
8.000000 29275 1.000000 0 0.000000 1.000000
8.000000 29276 0.437500 0 0.000000 1.000000
8.000000 29277 0.437500 0 0.000000 1.000000
8.000000 29280 1.000000 0 0.000000 1.000000
8.000000 29281 1.000000 0 0.000000 1.000000
8.000000 29282 0.875000 0 0.000000 1.000000
8.000000 29283 0.875000 0 0.000000 1.000000
8.000000 29872 0.500000 0 0.000000 1.000000
8.000000 29887 0.250000 0 0.000000 1.000000
8.000000 29914 0.012500 0 0.000000 1.000000
8.000000 29915 0.487500 0 0.000000 1.000000
8.000000 29928 0.225000 0 0.000000 1.000000
8.000000 30656 0.262500 0 0.000000 1.000000
8.000000 30657 0.012500 0 0.000000 1.000000
8.000000 30755 0.250000 0 0.000000 1.000000
8.000000 31484 0.250000 0 0.000000 1.000000
8.000000 32030 0.125000 0 0.000000 1.000000
8.000000 32031 0.375000 0 0.000000 1.000000
77.000000
29156 29282
29156 29283
29157 29282
29872 29914
29872 29915
29872 29928
29872 30656
29872 30657
29872 30755
29887 29914
29887 29928
29887 30656
29914 29928
29914 30656
29914 30755
29928 30656
29928 30755
30656 30755
31484 32031
