17
4.000000 35070 1.000000 0 0.000000 1.000000
4.000000 35071 1.000000 0 0.000000 1.000000
4.000000 35072 1.000000 0 0.000000 1.000000
4.000000 35073 1.000000 0 0.000000 1.000000
4.000000 35074 0.525000 0 0.000000 1.000000
4.000000 35075 0.750000 0 0.000000 1.000000
4.000000 35076 1.000000 0 0.000000 1.000000
4.000000 35077 1.000000 0 0.000000 1.000000
4.000000 35270 0.225000 0 0.000000 1.000000
4.000000 36030 0.500000 0 0.000000 1.000000
4.000000 36040 0.250000 0 0.000000 1.000000
4.000000 36041 0.250000 0 0.000000 1.000000
4.000000 36087 0.500000 0 0.000000 1.000000
4.000000 36100 0.500000 0 0.000000 1.000000
4.000000 36115 0.500000 0 0.000000 1.000000
4.000000 36858 0.500000 0 0.000000 1.000000
4.000000 36873 0.500000 0 0.000000 1.000000
44.000000
35074 35270
35074 36040
35074 36041
35075 35270
35075 36040
35270 36040
35270 36041
36030 36087
36030 36100
36030 36115
