16
4.000000 44492 1.000000 0 0.000000 1.000000
4.000000 44493 1.000000 0 0.000000 1.000000
4.000000 44494 1.000000 0 0.000000 1.000000
4.000000 44495 1.000000 0 0.000000 1.000000
4.000000 44496 1.000000 0 0.000000 1.000000
4.000000 44497 1.000000 0 0.000000 1.000000
4.000000 44498 1.000000 0 0.000000 1.000000
4.000000 44499 1.000000 0 0.000000 1.000000
4.000000 44627 0.500000 0 0.000000 1.000000
4.000000 44696 0.500000 0 0.000000 1.000000
4.000000 44710 0.250000 0 0.000000 1.000000
4.000000 44711 0.250000 0 0.000000 1.000000
4.000000 45410 0.250000 0 0.000000 1.000000
4.000000 45411 0.250000 0 0.000000 1.000000
4.000000 46114 0.500000 0 0.000000 1.000000
4.000000 46129 0.500000 0 0.000000 1.000000
44.000000
44627 44696
44627 44710
44627 45410
44696 44710
44696 45410
44710 45410
44710 45411
44711 45410
