22
40.000000 53022 0.500000 0 0.000000 1.000000
40.000000 53023 0.500000 0 0.000000 1.000000
40.000000 53024 0.191250 0 0.000000 1.000000
40.000000 53025 0.191250 0 0.000000 1.000000
40.000000 53334 0.500000 0 0.000000 1.000000
40.000000 53348 0.500000 0 0.000000 1.000000
40.000000 53685 0.275000 0 0.000000 1.000000
40.000000 53708 0.275000 0 0.000000 1.000000
40.000000 53713 0.225000 0 0.000000 1.000000
40.000000 53727 0.500000 0 0.000000 1.000000
40.000000 53736 0.225000 0 0.000000 1.000000
40.000000 53737 0.275000 0 0.000000 1.000000
40.000000 53746 1.000000 0 0.000000 1.000000
40.000000 53747 1.000000 0 0.000000 1.000000
40.000000 53748 1.000000 0 0.000000 1.000000
40.000000 53749 1.000000 0 0.000000 1.000000
40.000000 53751 0.225000 0 0.000000 1.000000
40.000000 53752 0.808750 0 0.000000 1.000000
40.000000 53753 0.808750 0 0.000000 1.000000
40.000000 54414 0.225000 0 0.000000 1.000000
40.000000 54428 0.137500 0 0.000000 1.000000
40.000000 54429 0.362500 0 0.000000 1.000000
429.000000
53022 53708
53022 53736
53023 53708
53023 53751
53024 53752
53025 53753
53334 53348
53334 53685
53334 53713
53334 53727
53348 53685
53348 53713
53348 53727
53708 53736
53708 53737
53708 53751
54414 54428
