168
-7.000000 2072 1.000000 0 0.000000 1.000000
-7.000000 2074 1.000000 0 0.000000 1.000000
-7.000000 2076 1.000000 0 0.000000 1.000000
13.000000 4290 1.000000 0 0.000000 1.000000
13.000000 4292 1.000000 0 0.000000 1.000000
-7.000000 4984 1.000000 0 0.000000 1.000000
-7.000000 4986 1.000000 0 0.000000 1.000000
-7.000000 4988 1.000000 0 0.000000 1.000000
-7.000000 5022 0.637500 0 0.000000 1.000000
-7.000000 7896 0.944750 0 0.000000 1.000000
-7.000000 7898 0.944750 0 0.000000 1.000000
-7.000000 7900 0.944750 0 0.000000 1.000000
-7.000000 7902 0.944750 0 0.000000 1.000000
-7.000000 7904 0.805875 0 0.000000 1.000000
-7.000000 7988 0.138875 0 0.000000 1.000000
-7.000000 8638 0.055250 0 0.000000 1.000000
-7.000000 8640 0.055250 0 0.000000 1.000000
-7.000000 8642 0.054000 0 0.000000 1.000000
-7.000000 8650 0.335500 0 0.000000 1.000000
-7.000000 8678 0.082250 0 0.000000 1.000000
-7.000000 8712 0.001250 0 0.000000 1.000000
-7.000000 8714 0.055250 0 0.000000 1.000000
-7.000000 10808 0.944750 0 0.000000 1.000000
-7.000000 10810 0.944750 0 0.000000 1.000000
-7.000000 10812 0.944750 0 0.000000 1.000000
-7.000000 10814 0.944750 0 0.000000 1.000000
-7.000000 10816 0.805875 0 0.000000 1.000000
-7.000000 10900 0.138875 0 0.000000 1.000000
-7.000000 11550 0.055250 0 0.000000 1.000000
-7.000000 11552 0.055250 0 0.000000 1.000000
-7.000000 11554 0.054000 0 0.000000 1.000000
-7.000000 11562 0.335500 0 0.000000 1.000000
-7.000000 11590 0.082250 0 0.000000 1.000000
-7.000000 11624 0.001250 0 0.000000 1.000000
-7.000000 11626 0.055250 0 0.000000 1.000000
13.000000 12460 1.000000 0 0.000000 1.000000
13.000000 12462 1.000000 0 0.000000 1.000000
13.000000 12464 1.000000 0 0.000000 1.000000
13.000000 12466 1.000000 0 0.000000 1.000000
13.000000 12468 0.125000 0 0.000000 1.000000
13.000000 12608 0.500000 0 0.000000 1.000000
13.000000 12692 0.187500 0 0.000000 1.000000
13.000000 15372 1.000000 0 0.000000 1.000000
13.000000 15374 1.000000 0 0.000000 1.000000
13.000000 15376 1.000000 0 0.000000 1.000000
13.000000 15378 1.000000 0 0.000000 1.000000
13.000000 15380 0.125000 0 0.000000 1.000000
13.000000 15520 0.500000 0 0.000000 1.000000
13.000000 15604 0.187500 0 0.000000 1.000000
-7.000000 17598 1.000000 0 0.000000 1.000000
-7.000000 17600 1.000000 0 0.000000 1.000000
-7.000000 17602 1.000000 0 0.000000 1.000000
-7.000000 17604 1.000000 0 0.000000 1.000000
-7.000000 17816 0.387500 0 0.000000 1.000000
13.000000 18586 0.387500 0 0.000000 1.000000
13.000000 18600 0.225000 0 0.000000 1.000000
-7.000000 19330 0.137500 0 0.000000 1.000000
-7.000000 20354 0.500000 0 0.000000 1.000000
-7.000000 20510 1.000000 0 0.000000 1.000000
-7.000000 20512 1.000000 0 0.000000 1.000000
-7.000000 20514 1.000000 0 0.000000 1.000000
-7.000000 20516 1.000000 0 0.000000 1.000000
-7.000000 20728 0.387500 0 0.000000 1.000000
13.000000 21498 0.387500 0 0.000000 1.000000
13.000000 21512 0.225000 0 0.000000 1.000000
-7.000000 22242 0.137500 0 0.000000 1.000000
-7.000000 23266 0.500000 0 0.000000 1.000000
-7.000000 23338 0.125000 0 0.000000 1.000000
-7.000000 23436 0.875000 0 0.000000 1.000000
-7.000000 23438 1.000000 0 0.000000 1.000000
-7.000000 23440 1.000000 0 0.000000 1.000000
-7.000000 23442 1.000000 0 0.000000 1.000000
13.000000 24074 0.125000 0 0.000000 1.000000
-7.000000 26250 0.125000 0 0.000000 1.000000
-7.000000 26348 0.875000 0 0.000000 1.000000
-7.000000 26350 1.000000 0 0.000000 1.000000
-7.000000 26352 1.000000 0 0.000000 1.000000
-7.000000 26354 1.000000 0 0.000000 1.000000
13.000000 26986 0.125000 0 0.000000 1.000000
-7.000000 29156 0.125000 0 0.000000 1.000000
-7.000000 29274 1.000000 0 0.000000 1.000000
-7.000000 29276 0.437500 0 0.000000 1.000000
-7.000000 29280 1.000000 0 0.000000 1.000000
-7.000000 29282 0.875000 0 0.000000 1.000000
13.000000 29872 0.500000 0 0.000000 1.000000
13.000000 29914 0.012500 0 0.000000 1.000000
13.000000 29928 0.225000 0 0.000000 1.000000
-7.000000 30656 0.262500 0 0.000000 1.000000
-7.000000 31484 0.250000 0 0.000000 1.000000
-7.000000 32030 0.125000 0 0.000000 1.000000
-7.000000 32068 0.125000 0 0.000000 1.000000
-7.000000 32192 1.000000 0 0.000000 1.000000
-7.000000 32194 0.875000 0 0.000000 1.000000
13.000000 32784 0.500000 0 0.000000 1.000000
13.000000 32826 0.012500 0 0.000000 1.000000
13.000000 32840 0.225000 0 0.000000 1.000000
-7.000000 33568 0.262500 0 0.000000 1.000000
-7.000000 34396 0.250000 0 0.000000 1.000000
-7.000000 34942 0.125000 0 0.000000 1.000000
-7.000000 35070 1.000000 0 0.000000 1.000000
-7.000000 35072 1.000000 0 0.000000 1.000000
-7.000000 35074 0.525000 0 0.000000 1.000000
-7.000000 35076 1.000000 0 0.000000 1.000000
-7.000000 35270 0.225000 0 0.000000 1.000000
13.000000 36030 0.500000 0 0.000000 1.000000
13.000000 36040 0.250000 0 0.000000 1.000000
13.000000 36100 0.500000 0 0.000000 1.000000
-7.000000 36858 0.500000 0 0.000000 1.000000
-7.000000 37982 1.000000 0 0.000000 1.000000
-7.000000 37984 1.000000 0 0.000000 1.000000
-7.000000 37986 0.525000 0 0.000000 1.000000
-7.000000 37988 1.000000 0 0.000000 1.000000
-7.000000 38182 0.225000 0 0.000000 1.000000
13.000000 38942 0.500000 0 0.000000 1.000000
13.000000 38952 0.250000 0 0.000000 1.000000
13.000000 39012 0.500000 0 0.000000 1.000000
-7.000000 39770 0.500000 0 0.000000 1.000000
13.000000 41580 1.000000 0 0.000000 1.000000
13.000000 41582 1.000000 0 0.000000 1.000000
13.000000 41584 1.000000 0 0.000000 1.000000
13.000000 41586 1.000000 0 0.000000 1.000000
13.000000 41784 0.500000 0 0.000000 1.000000
13.000000 41798 0.250000 0 0.000000 1.000000
-7.000000 42498 0.250000 0 0.000000 1.000000
-7.000000 43202 0.500000 0 0.000000 1.000000
13.000000 44492 1.000000 0 0.000000 1.000000
13.000000 44494 1.000000 0 0.000000 1.000000
13.000000 44496 1.000000 0 0.000000 1.000000
13.000000 44498 1.000000 0 0.000000 1.000000
13.000000 44696 0.500000 0 0.000000 1.000000
13.000000 44710 0.250000 0 0.000000 1.000000
-7.000000 45410 0.250000 0 0.000000 1.000000
-7.000000 46114 0.500000 0 0.000000 1.000000
-7.000000 46598 0.375000 0 0.000000 1.000000
-7.000000 46600 0.125000 0 0.000000 1.000000
-7.000000 46746 1.000000 0 0.000000 1.000000
-7.000000 46748 1.000000 0 0.000000 1.000000
-7.000000 46750 1.000000 0 0.000000 1.000000
-7.000000 46752 0.625000 0 0.000000 1.000000
-7.000000 50110 0.500000 0 0.000000 1.000000
-7.000000 50112 0.191250 0 0.000000 1.000000
13.000000 50422 0.500000 0 0.000000 1.000000
13.000000 50436 0.500000 0 0.000000 1.000000
13.000000 50796 0.275000 0 0.000000 1.000000
13.000000 50824 0.225000 0 0.000000 1.000000
13.000000 50834 1.000000 0 0.000000 1.000000
13.000000 50836 1.000000 0 0.000000 1.000000
13.000000 50840 0.808750 0 0.000000 1.000000
-7.000000 51502 0.225000 0 0.000000 1.000000
-7.000000 51516 0.137500 0 0.000000 1.000000
-7.000000 53022 0.500000 0 0.000000 1.000000
-7.000000 53024 0.191250 0 0.000000 1.000000
13.000000 53334 0.500000 0 0.000000 1.000000
13.000000 53348 0.500000 0 0.000000 1.000000
13.000000 53708 0.275000 0 0.000000 1.000000
13.000000 53736 0.225000 0 0.000000 1.000000
13.000000 53746 1.000000 0 0.000000 1.000000
13.000000 53748 1.000000 0 0.000000 1.000000
13.000000 53752 0.808750 0 0.000000 1.000000
-7.000000 54414 0.225000 0 0.000000 1.000000
-7.000000 54428 0.137500 0 0.000000 1.000000
-7.000000 55412 1.000000 0 0.000000 1.000000
-7.000000 55414 1.000000 0 0.000000 1.000000
-7.000000 55416 1.000000 0 0.000000 1.000000
-7.000000 55418 1.000000 0 0.000000 1.000000
-7.000000 55420 1.000000 0 0.000000 1.000000
-7.000000 60182 1.000000 0 0.000000 1.000000
-7.000000 60954 1.000000 0 0.000000 1.000000
0.000000
7898 8638
7900 8640
7902 8642
7902 8712
7904 7988
7904 8714
7988 8714
8642 8712
10810 11550
10812 11552
10814 11554
10814 11624
10816 10900
10816 11626
10900 11626
11554 11624
12468 12608
12468 12692
12608 12692
15380 15520
15380 15604
15520 15604
17816 18586
17816 18600
18586 18600
20728 21498
20728 21512
21498 21512
29156 29282
29872 29914
29872 29928
29872 30656
29914 29928
29914 30656
29928 30656
32068 32194
32784 32826
32784 32840
32784 33568
32826 32840
32826 33568
32840 33568
35074 35270
35074 36040
35270 36040
36030 36100
37986 38182
37986 38952
38182 38952
38942 39012
41784 41798
41784 42498
41798 42498
44696 44710
44696 45410
44710 45410
46598 46752
50110 50796
50110 50824
50112 50840
50422 50436
50796 50824
51502 51516
53022 53708
53022 53736
53024 53752
53334 53348
53708 53736
54414 54428
