8
1.000000 32784 0.500000 0 0.000000 1.000000
1.000000 32799 0.250000 0 0.000000 1.000000
1.000000 32826 0.012500 0 0.000000 1.000000
1.000000 32827 0.487500 0 0.000000 1.000000
1.000000 32840 0.225000 0 0.000000 1.000000
1.000000 33568 0.262500 0 0.000000 1.000000
1.000000 33569 0.012500 0 0.000000 1.000000
1.000000 33667 0.250000 0 0.000000 1.000000
2.000000
32784 32826
32784 32827
32784 32840
32784 33568
32784 33569
32784 33667
32799 32826
32799 32840
32799 33568
32826 32840
32826 33568
32826 33667
32840 33568
32840 33667
33568 33667
