12
1.000000 8638 0.055250 0 0.000000 1.000000
1.000000 8640 0.055250 0 0.000000 1.000000
1.000000 8642 0.054000 0 0.000000 1.000000
1.000000 8650 0.335500 0 0.000000 1.000000
1.000000 8678 0.082250 0 0.000000 1.000000
1.000000 8679 0.417750 0 0.000000 1.000000
1.000000 8709 0.055250 0 0.000000 1.000000
1.000000 8711 0.055250 0 0.000000 1.000000
1.000000 8712 0.001250 0 0.000000 1.000000
1.000000 8713 0.055250 0 0.000000 1.000000
1.000000 8714 0.055250 0 0.000000 1.000000
1.000000 8715 0.055250 0 0.000000 1.000000
4.000000
8638 8709
8640 8711
8642 8712
8642 8713
8650 8679
