12
1.000000 11550 0.055250 0 0.000000 1.000000
1.000000 11552 0.055250 0 0.000000 1.000000
1.000000 11554 0.054000 0 0.000000 1.000000
1.000000 11562 0.335500 0 0.000000 1.000000
1.000000 11590 0.082250 0 0.000000 1.000000
1.000000 11591 0.417750 0 0.000000 1.000000
1.000000 11621 0.055250 0 0.000000 1.000000
1.000000 11623 0.055250 0 0.000000 1.000000
1.000000 11624 0.001250 0 0.000000 1.000000
1.000000 11625 0.055250 0 0.000000 1.000000
1.000000 11626 0.055250 0 0.000000 1.000000
1.000000 11627 0.055250 0 0.000000 1.000000
4.000000
11550 11621
11552 11623
11554 11624
11554 11625
11562 11591
