11
1.000000 50110 0.500000 0 0.000000 1.000000
1.000000 50111 0.500000 0 0.000000 1.000000
1.000000 50112 0.191250 0 0.000000 1.000000
1.000000 50113 0.191250 0 0.000000 1.000000
1.000000 50834 1.000000 0 0.000000 1.000000
1.000000 50835 1.000000 0 0.000000 1.000000
1.000000 50836 1.000000 0 0.000000 1.000000
1.000000 50837 1.000000 0 0.000000 1.000000
1.000000 50839 0.225000 0 0.000000 1.000000
1.000000 50840 0.808750 0 0.000000 1.000000
1.000000 50841 0.808750 0 0.000000 1.000000
14.000000
50111 50839
50112 50840
50113 50841
