11
1.000000 53022 0.500000 0 0.000000 1.000000
1.000000 53023 0.500000 0 0.000000 1.000000
1.000000 53024 0.191250 0 0.000000 1.000000
1.000000 53025 0.191250 0 0.000000 1.000000
1.000000 53746 1.000000 0 0.000000 1.000000
1.000000 53747 1.000000 0 0.000000 1.000000
1.000000 53748 1.000000 0 0.000000 1.000000
1.000000 53749 1.000000 0 0.000000 1.000000
1.000000 53751 0.225000 0 0.000000 1.000000
1.000000 53752 0.808750 0 0.000000 1.000000
1.000000 53753 0.808750 0 0.000000 1.000000
14.000000
53023 53751
53024 53752
53025 53753
