44
-1.000000 12460 1.000000 0 0.000000 1.000000
-1.000000 12461 1.000000 0 0.000000 1.000000
-1.000000 12462 1.000000 0 0.000000 1.000000
-1.000000 12463 1.000000 0 0.000000 1.000000
-1.000000 12464 1.000000 0 0.000000 1.000000
-1.000000 12465 1.000000 0 0.000000 1.000000
-1.000000 12466 1.000000 0 0.000000 1.000000
-1.000000 12467 1.000000 0 0.000000 1.000000
-1.000000 12468 0.125000 0 0.000000 1.000000
-1.000000 15372 1.000000 0 0.000000 1.000000
-1.000000 15373 1.000000 0 0.000000 1.000000
-1.000000 15374 1.000000 0 0.000000 1.000000
-1.000000 15375 1.000000 0 0.000000 1.000000
-1.000000 15376 1.000000 0 0.000000 1.000000
-1.000000 15377 1.000000 0 0.000000 1.000000
-1.000000 15378 1.000000 0 0.000000 1.000000
-1.000000 15379 1.000000 0 0.000000 1.000000
-1.000000 15380 0.125000 0 0.000000 1.000000
-1.000000 41580 1.000000 0 0.000000 1.000000
-1.000000 41581 1.000000 0 0.000000 1.000000
-1.000000 41582 1.000000 0 0.000000 1.000000
-1.000000 41583 1.000000 0 0.000000 1.000000
-1.000000 41584 1.000000 0 0.000000 1.000000
-1.000000 41585 1.000000 0 0.000000 1.000000
-1.000000 41586 1.000000 0 0.000000 1.000000
-1.000000 41587 1.000000 0 0.000000 1.000000
-1.000000 44492 1.000000 0 0.000000 1.000000
-1.000000 44493 1.000000 0 0.000000 1.000000
-1.000000 44494 1.000000 0 0.000000 1.000000
-1.000000 44495 1.000000 0 0.000000 1.000000
-1.000000 44496 1.000000 0 0.000000 1.000000
-1.000000 44497 1.000000 0 0.000000 1.000000
-1.000000 44498 1.000000 0 0.000000 1.000000
-1.000000 44499 1.000000 0 0.000000 1.000000
-1.000000 55412 1.000000 0 0.000000 1.000000
-1.000000 55413 1.000000 0 0.000000 1.000000
-1.000000 55414 1.000000 0 0.000000 1.000000
-1.000000 55415 1.000000 0 0.000000 1.000000
-1.000000 55416 1.000000 0 0.000000 1.000000
-1.000000 55417 1.000000 0 0.000000 1.000000
-1.000000 55418 1.000000 0 0.000000 1.000000
-1.000000 55419 1.000000 0 0.000000 1.000000
-1.000000 55420 1.000000 0 0.000000 1.000000
-1.000000 55421 1.000000 0 0.000000 1.000000
-1.000000
