32
-1.000000 17598 1.000000 0 0.000000 1.000000
-1.000000 17599 1.000000 0 0.000000 1.000000
-1.000000 17600 1.000000 0 0.000000 1.000000
-1.000000 17601 1.000000 0 0.000000 1.000000
-1.000000 17602 1.000000 0 0.000000 1.000000
-1.000000 17603 1.000000 0 0.000000 1.000000
-1.000000 17604 1.000000 0 0.000000 1.000000
-1.000000 17605 1.000000 0 0.000000 1.000000
-1.000000 20510 1.000000 0 0.000000 1.000000
-1.000000 20511 1.000000 0 0.000000 1.000000
-1.000000 20512 1.000000 0 0.000000 1.000000
-1.000000 20513 1.000000 0 0.000000 1.000000
-1.000000 20514 1.000000 0 0.000000 1.000000
-1.000000 20515 1.000000 0 0.000000 1.000000
-1.000000 20516 1.000000 0 0.000000 1.000000
-1.000000 20517 1.000000 0 0.000000 1.000000
-1.000000 35070 1.000000 0 0.000000 1.000000
-1.000000 35071 1.000000 0 0.000000 1.000000
-1.000000 35072 1.000000 0 0.000000 1.000000
-1.000000 35073 1.000000 0 0.000000 1.000000
-1.000000 35074 0.525000 0 0.000000 1.000000
-1.000000 35075 0.750000 0 0.000000 1.000000
-1.000000 35076 1.000000 0 0.000000 1.000000
-1.000000 35077 1.000000 0 0.000000 1.000000
-1.000000 37982 1.000000 0 0.000000 1.000000
-1.000000 37983 1.000000 0 0.000000 1.000000
-1.000000 37984 1.000000 0 0.000000 1.000000
-1.000000 37985 1.000000 0 0.000000 1.000000
-1.000000 37986 0.525000 0 0.000000 1.000000
-1.000000 37987 0.750000 0 0.000000 1.000000
-1.000000 37988 1.000000 0 0.000000 1.000000
-1.000000 37989 1.000000 0 0.000000 1.000000
-1.000000
