16
-1.000000 23436 0.875000 0 0.000000 1.000000
-1.000000 23437 0.875000 0 0.000000 1.000000
-1.000000 23438 1.000000 0 0.000000 1.000000
-1.000000 23439 1.000000 0 0.000000 1.000000
-1.000000 23440 1.000000 0 0.000000 1.000000
-1.000000 23441 1.000000 0 0.000000 1.000000
-1.000000 23442 1.000000 0 0.000000 1.000000
-1.000000 23443 1.000000 0 0.000000 1.000000
-1.000000 26348 0.875000 0 0.000000 1.000000
-1.000000 26349 0.875000 0 0.000000 1.000000
-1.000000 26350 1.000000 0 0.000000 1.000000
-1.000000 26351 1.000000 0 0.000000 1.000000
-1.000000 26352 1.000000 0 0.000000 1.000000
-1.000000 26353 1.000000 0 0.000000 1.000000
-1.000000 26354 1.000000 0 0.000000 1.000000
-1.000000 26355 1.000000 0 0.000000 1.000000
-1.000000
