20
-1.000000 29274 1.000000 0 0.000000 1.000000
-1.000000 29275 1.000000 0 0.000000 1.000000
-1.000000 29276 0.437500 0 0.000000 1.000000
-1.000000 29277 0.437500 0 0.000000 1.000000
-1.000000 29280 1.000000 0 0.000000 1.000000
-1.000000 29281 1.000000 0 0.000000 1.000000
-1.000000 29282 0.875000 0 0.000000 1.000000
-1.000000 29283 0.875000 0 0.000000 1.000000
-1.000000 32192 1.000000 0 0.000000 1.000000
-1.000000 32193 1.000000 0 0.000000 1.000000
-1.000000 32194 0.875000 0 0.000000 1.000000
-1.000000 32195 0.875000 0 0.000000 1.000000
-1.000000 46746 1.000000 0 0.000000 1.000000
-1.000000 46747 1.000000 0 0.000000 1.000000
-1.000000 46748 1.000000 0 0.000000 1.000000
-1.000000 46749 1.000000 0 0.000000 1.000000
-1.000000 46750 1.000000 0 0.000000 1.000000
-1.000000 46751 1.000000 0 0.000000 1.000000
-1.000000 46752 0.625000 0 0.000000 1.000000
-1.000000 46753 0.625000 0 0.000000 1.000000
-1.000000
