32
-1.000000 2072 1.000000 0 0.000000 1.000000
-1.000000 2073 1.000000 0 0.000000 1.000000
-1.000000 2074 1.000000 0 0.000000 1.000000
-1.000000 2075 1.000000 0 0.000000 1.000000
-1.000000 2076 1.000000 0 0.000000 1.000000
-1.000000 2077 1.000000 0 0.000000 1.000000
-1.000000 4984 1.000000 0 0.000000 1.000000
-1.000000 4985 1.000000 0 0.000000 1.000000
-1.000000 4986 1.000000 0 0.000000 1.000000
-1.000000 4987 1.000000 0 0.000000 1.000000
-1.000000 4988 1.000000 0 0.000000 1.000000
-1.000000 4989 1.000000 0 0.000000 1.000000
-1.000000 7896 0.944750 0 0.000000 1.000000
-1.000000 7897 0.944750 0 0.000000 1.000000
-1.000000 7898 0.944750 0 0.000000 1.000000
-1.000000 7899 0.944750 0 0.000000 1.000000
-1.000000 7900 0.944750 0 0.000000 1.000000
-1.000000 7901 0.944750 0 0.000000 1.000000
-1.000000 7902 0.944750 0 0.000000 1.000000
-1.000000 7903 0.944750 0 0.000000 1.000000
-1.000000 7904 0.805875 0 0.000000 1.000000
-1.000000 7905 0.861125 0 0.000000 1.000000
-1.000000 10808 0.944750 0 0.000000 1.000000
-1.000000 10809 0.944750 0 0.000000 1.000000
-1.000000 10810 0.944750 0 0.000000 1.000000
-1.000000 10811 0.944750 0 0.000000 1.000000
-1.000000 10812 0.944750 0 0.000000 1.000000
-1.000000 10813 0.944750 0 0.000000 1.000000
-1.000000 10814 0.944750 0 0.000000 1.000000
-1.000000 10815 0.944750 0 0.000000 1.000000
-1.000000 10816 0.805875 0 0.000000 1.000000
-1.000000 10817 0.861125 0 0.000000 1.000000
-1.000000
