16
-1.000000 7988 0.138875 0 0.000000 1.000000
-1.000000 7989 0.083625 0 0.000000 1.000000
-1.000000 8709 0.055250 0 0.000000 1.000000
-1.000000 8711 0.055250 0 0.000000 1.000000
-1.000000 8712 0.001250 0 0.000000 1.000000
-1.000000 8713 0.055250 0 0.000000 1.000000
-1.000000 8714 0.055250 0 0.000000 1.000000
-1.000000 8715 0.055250 0 0.000000 1.000000
-1.000000 10900 0.138875 0 0.000000 1.000000
-1.000000 10901 0.083625 0 0.000000 1.000000
-1.000000 11621 0.055250 0 0.000000 1.000000
-1.000000 11623 0.055250 0 0.000000 1.000000
-1.000000 11624 0.001250 0 0.000000 1.000000
-1.000000 11625 0.055250 0 0.000000 1.000000
-1.000000 11626 0.055250 0 0.000000 1.000000
-1.000000 11627 0.055250 0 0.000000 1.000000
-1.000000
7988 8714
10900 11626
