12
-40.000000 4290 1.000000 0 0.000000 1.000000
-40.000000 4291 1.000000 0 0.000000 1.000000
-40.000000 4292 1.000000 0 0.000000 1.000000
-40.000000 4293 1.000000 0 0.000000 1.000000
-40.000000 4984 1.000000 0 0.000000 1.000000
-40.000000 4985 1.000000 0 0.000000 1.000000
-40.000000 4986 1.000000 0 0.000000 1.000000
-40.000000 4987 1.000000 0 0.000000 1.000000
-40.000000 4988 1.000000 0 0.000000 1.000000
-40.000000 4989 1.000000 0 0.000000 1.000000
-40.000000 5022 0.637500 0 0.000000 1.000000
-40.000000 5023 0.637500 0 0.000000 1.000000
-369.000000
