24
-40.000000 7896 0.944750 0 0.000000 1.000000
-40.000000 7897 0.944750 0 0.000000 1.000000
-40.000000 7898 0.944750 0 0.000000 1.000000
-40.000000 7899 0.944750 0 0.000000 1.000000
-40.000000 7900 0.944750 0 0.000000 1.000000
-40.000000 7901 0.944750 0 0.000000 1.000000
-40.000000 7902 0.944750 0 0.000000 1.000000
-40.000000 7903 0.944750 0 0.000000 1.000000
-40.000000 7904 0.805875 0 0.000000 1.000000
-40.000000 7905 0.861125 0 0.000000 1.000000
-40.000000 7988 0.138875 0 0.000000 1.000000
-40.000000 7989 0.083625 0 0.000000 1.000000
-40.000000 8638 0.055250 0 0.000000 1.000000
-40.000000 8640 0.055250 0 0.000000 1.000000
-40.000000 8642 0.054000 0 0.000000 1.000000
-40.000000 8650 0.335500 0 0.000000 1.000000
-40.000000 8678 0.082250 0 0.000000 1.000000
-40.000000 8679 0.417750 0 0.000000 1.000000
-40.000000 8709 0.055250 0 0.000000 1.000000
-40.000000 8711 0.055250 0 0.000000 1.000000
-40.000000 8712 0.001250 0 0.000000 1.000000
-40.000000 8713 0.055250 0 0.000000 1.000000
-40.000000 8714 0.055250 0 0.000000 1.000000
-40.000000 8715 0.055250 0 0.000000 1.000000
-351.000000
7896 8709
7897 8638
7898 8638
7898 8711
7899 8640
7900 8640
7900 8713
7901 8642
7901 8712
7902 8642
7902 8712
7902 8715
7903 8714
7904 7988
7904 7989
7904 8714
7905 7988
7988 8714
8638 8709
8640 8711
8642 8712
8642 8713
8650 8679
