24
-40.000000 10808 0.944750 0 0.000000 1.000000
-40.000000 10809 0.944750 0 0.000000 1.000000
-40.000000 10810 0.944750 0 0.000000 1.000000
-40.000000 10811 0.944750 0 0.000000 1.000000
-40.000000 10812 0.944750 0 0.000000 1.000000
-40.000000 10813 0.944750 0 0.000000 1.000000
-40.000000 10814 0.944750 0 0.000000 1.000000
-40.000000 10815 0.944750 0 0.000000 1.000000
-40.000000 10816 0.805875 0 0.000000 1.000000
-40.000000 10817 0.861125 0 0.000000 1.000000
-40.000000 10900 0.138875 0 0.000000 1.000000
-40.000000 10901 0.083625 0 0.000000 1.000000
-40.000000 11550 0.055250 0 0.000000 1.000000
-40.000000 11552 0.055250 0 0.000000 1.000000
-40.000000 11554 0.054000 0 0.000000 1.000000
-40.000000 11562 0.335500 0 0.000000 1.000000
-40.000000 11590 0.082250 0 0.000000 1.000000
-40.000000 11591 0.417750 0 0.000000 1.000000
-40.000000 11621 0.055250 0 0.000000 1.000000
-40.000000 11623 0.055250 0 0.000000 1.000000
-40.000000 11624 0.001250 0 0.000000 1.000000
-40.000000 11625 0.055250 0 0.000000 1.000000
-40.000000 11626 0.055250 0 0.000000 1.000000
-40.000000 11627 0.055250 0 0.000000 1.000000
-351.000000
10808 11621
10809 11550
10810 11550
10810 11623
10811 11552
10812 11552
10812 11625
10813 11554
10813 11624
10814 11554
10814 11624
10814 11627
10815 11626
10816 10900
10816 10901
10816 11626
10817 10900
10900 11626
11550 11621
11552 11623
11554 11624
11554 11625
11562 11591
