12
-8.000000 26250 0.125000 0 0.000000 1.000000
-8.000000 26251 0.125000 0 0.000000 1.000000
-8.000000 26348 0.875000 0 0.000000 1.000000
-8.000000 26349 0.875000 0 0.000000 1.000000
-8.000000 26350 1.000000 0 0.000000 1.000000
-8.000000 26351 1.000000 0 0.000000 1.000000
-8.000000 26352 1.000000 0 0.000000 1.000000
-8.000000 26353 1.000000 0 0.000000 1.000000
-8.000000 26354 1.000000 0 0.000000 1.000000
-8.000000 26355 1.000000 0 0.000000 1.000000
-8.000000 26986 0.125000 0 0.000000 1.000000
-8.000000 26987 0.125000 0 0.000000 1.000000
-63.000000
26250 26349
26251 26348
