17
-4.000000 37982 1.000000 0 0.000000 1.000000
-4.000000 37983 1.000000 0 0.000000 1.000000
-4.000000 37984 1.000000 0 0.000000 1.000000
-4.000000 37985 1.000000 0 0.000000 1.000000
-4.000000 37986 0.525000 0 0.000000 1.000000
-4.000000 37987 0.750000 0 0.000000 1.000000
-4.000000 37988 1.000000 0 0.000000 1.000000
-4.000000 37989 1.000000 0 0.000000 1.000000
-4.000000 38182 0.225000 0 0.000000 1.000000
-4.000000 38942 0.500000 0 0.000000 1.000000
-4.000000 38952 0.250000 0 0.000000 1.000000
-4.000000 38953 0.250000 0 0.000000 1.000000
-4.000000 38999 0.500000 0 0.000000 1.000000
-4.000000 39012 0.500000 0 0.000000 1.000000
-4.000000 39027 0.500000 0 0.000000 1.000000
-4.000000 39770 0.500000 0 0.000000 1.000000
-4.000000 39785 0.500000 0 0.000000 1.000000
-36.000000
37986 38182
37986 38952
37986 38953
37987 38182
37987 38952
38182 38952
38182 38953
38942 38999
38942 39012
38942 39027
