16
-4.000000 41580 1.000000 0 0.000000 1.000000
-4.000000 41581 1.000000 0 0.000000 1.000000
-4.000000 41582 1.000000 0 0.000000 1.000000
-4.000000 41583 1.000000 0 0.000000 1.000000
-4.000000 41584 1.000000 0 0.000000 1.000000
-4.000000 41585 1.000000 0 0.000000 1.000000
-4.000000 41586 1.000000 0 0.000000 1.000000
-4.000000 41587 1.000000 0 0.000000 1.000000
-4.000000 41715 0.500000 0 0.000000 1.000000
-4.000000 41784 0.500000 0 0.000000 1.000000
-4.000000 41798 0.250000 0 0.000000 1.000000
-4.000000 41799 0.250000 0 0.000000 1.000000
-4.000000 42498 0.250000 0 0.000000 1.000000
-4.000000 42499 0.250000 0 0.000000 1.000000
-4.000000 43202 0.500000 0 0.000000 1.000000
-4.000000 43217 0.500000 0 0.000000 1.000000
-36.000000
41715 41784
41715 41798
41715 42498
41784 41798
41784 42498
41798 42498
41798 42499
41799 42498
