12
-4.000000 46598 0.375000 0 0.000000 1.000000
-4.000000 46599 0.375000 0 0.000000 1.000000
-4.000000 46600 0.125000 0 0.000000 1.000000
-4.000000 46601 0.125000 0 0.000000 1.000000
-4.000000 46746 1.000000 0 0.000000 1.000000
-4.000000 46747 1.000000 0 0.000000 1.000000
-4.000000 46748 1.000000 0 0.000000 1.000000
-4.000000 46749 1.000000 0 0.000000 1.000000
-4.000000 46750 1.000000 0 0.000000 1.000000
-4.000000 46751 1.000000 0 0.000000 1.000000
-4.000000 46752 0.625000 0 0.000000 1.000000
-4.000000 46753 0.625000 0 0.000000 1.000000
-27.000000
46598 46752
46598 46753
46599 46752
