22
-40.000000 50110 0.500000 0 0.000000 1.000000
-40.000000 50111 0.500000 0 0.000000 1.000000
-40.000000 50112 0.191250 0 0.000000 1.000000
-40.000000 50113 0.191250 0 0.000000 1.000000
-40.000000 50422 0.500000 0 0.000000 1.000000
-40.000000 50436 0.500000 0 0.000000 1.000000
-40.000000 50773 0.275000 0 0.000000 1.000000
-40.000000 50796 0.275000 0 0.000000 1.000000
-40.000000 50801 0.225000 0 0.000000 1.000000
-40.000000 50815 0.500000 0 0.000000 1.000000
-40.000000 50824 0.225000 0 0.000000 1.000000
-40.000000 50825 0.275000 0 0.000000 1.000000
-40.000000 50834 1.000000 0 0.000000 1.000000
-40.000000 50835 1.000000 0 0.000000 1.000000
-40.000000 50836 1.000000 0 0.000000 1.000000
-40.000000 50837 1.000000 0 0.000000 1.000000
-40.000000 50839 0.225000 0 0.000000 1.000000
-40.000000 50840 0.808750 0 0.000000 1.000000
-40.000000 50841 0.808750 0 0.000000 1.000000
-40.000000 51502 0.225000 0 0.000000 1.000000
-40.000000 51516 0.137500 0 0.000000 1.000000
-40.000000 51517 0.362500 0 0.000000 1.000000
-351.000000
50110 50796
50110 50824
50111 50796
50111 50839
50112 50840
50113 50841
50422 50436
50422 50773
50422 50801
50422 50815
50436 50773
50436 50801
50436 50815
50796 50824
50796 50825
50796 50839
51502 51516
